FRAME1
FRAME2
42.03999999988316 16.5 -6.5456353316596e-14 Requested 1
42.0 16.5 0 Idle 2
FRAME3
42.03999999988316 16.5 -6.5456353316596e-14 Requested 1
42.0 16.5 0 Requested 2
FRAME4
42.03999999988316 16.5 -6.5456353316596e-14 Reserved 1
42.0 16.5 0 Requested 2
FRAME5
42.03999999988316 16.5 -6.5456353316596e-14 Reserved 1
42.0 16.5 0 Requested 2
FRAME6
42.03999999988316 16.5 -6.5456353316596e-14 Reserved 1
42.0 16.5 0 Requested 2
FRAME7
42.03999999988316 16.5 -6.5456353316596e-14 Reserved 1
42.0 16.5 0 Requested 2
FRAME8
42.03999999988316 16.5 -6.5456353316596e-14 Reserved 1
42.0 16.5 0 Requested 2
FRAME9
42.03999999988316 16.5 -6.5456353316596e-14 Reserved 1
42.0 16.5 0 Requested 2
FRAME10
42.03999999988316 16.5 -6.5456353316596e-14 Reserved 1
42.0 16.5 0 Requested 2
FRAME11
42.03999999988316 16.5 -6.5456353316596e-14 Reserved 1
42.0 16.5 0 Requested 2
FRAME12
42.03999999988316 16.5 -6.5456353316596e-14 Reserved 1
42.0 16.5 0 Requested 2
FRAME13
42.03999999988316 16.5 -6.5456353316596e-14 Reserved 1
42.0 16.5 0 Requested 2
FRAME14
42.03999999988316 16.5 -6.5456353316596e-14 Reserved 1
42.0 16.5 0 Requested 2
FRAME15
42.03999999988316 16.5 -6.5456353316596e-14 Reserved 1
42.0 16.5 0 Requested 2
FRAME16
42.03999999988316 16.5 -6.5456353316596e-14 Reserved 1
42.0 16.5 0 Requested 2
FRAME17
42.03999999988316 16.5 -6.5456353316596e-14 Reserved 1
42.0 16.5 0 Requested 2
FRAME18
42.03999999988316 16.5 -6.5456353316596e-14 Reserved 1
42.0 16.5 0 Requested 2
FRAME19
42.03999999988316 16.5 -6.5456353316596e-14 Reserved 1
42.0 16.5 0 Requested 2
FRAME20
42.03999999988316 16.5 -6.5456353316596e-14 Reserved 1
42.0 16.5 0 Requested 2
FRAME21
42.03999999988316 16.5 -6.5456353316596e-14 Reserved 1
42.0 16.5 0 Requested 2
